1, 101865286, 0.47744308048676803, 9.954490919305284, 1104443.3185157659, 173.23838727392513
2, 101863741, 0.47744308048676803, 9.954490919305284, 1337887.3924960108, 80.596288302215697
3, 101863565, 0.47744308048676803, 9.954490919305284, 5344674.2476447318, 183.66380983898961
3, 101863705, 0.47744308048676803, 9.954490919305284, 50141.913360035898, 183.73673620933167
5, 101863510, 0.47744308048676803, 9.954490919305284, 2201854.3640504316, 47.69525211331451
6, 101865398, 0.47744308048676803, 9.954490919305284, 250576.94972510301, 144.38932345906068
8, 101863727, 0.47744308048676803, 9.954490919305284, 1496022.901101561, 224.95666591851739
9, 101864796, 0.47744308048676803, 9.954490919305284, 707557.58842268307, 246.07877064277332
10, 101863726, 0.47744308048676803, 9.954490919305284, 528525.92558521801, 130.43735380222887
14, 101863739, 0.47744308048676803, 9.954490919305284, 205063.23930548961, 240.35224279841805
19, 101863883, 0.47744308048676803, 9.954490919305284, 213418.60896008369, 240.26937680515397
26, 101866127, 0.47744308048676803, 9.954490919305284, 50362.763360827434, 40.769925255611327
33, 101863732, 0.47744308048676803, 9.954490919305284, 272335.00614340376, 116.9506448890165
53, 101863769, 0.47744308048676803, 9.954490919305284, 695913.72978852072, 49.590218193081547
183, 101863734, 0.47744308048676803, 9.954490919305284, 104650.14936318411, 132.76903826277453
2, 101863769, 0.7670080235981559, 6.9838080476234685, 696355.62321519048, 59.662599869870107
3, 101867516, 0.7670080235981559, 6.9838080476234685, 50114.892566226197, 313.71782255322654
4, 101863510, 0.7670080235981559, 6.9838080476234685, 2208140.1267254469, 53.749246580706945
5, 101863727, 0.7670080235981559, 6.9838080476234685, 1512850.9941740725, 288.09182958777365
6, 101865286, 0.7670080235981559, 6.9838080476234685, 1209938.2450371233, 227.44148714899799
8, 101863565, 0.7670080235981559, 6.9838080476234685, 5352449.7150732875, 243.09245213368956
8, 101863705, 0.7670080235981559, 6.9838080476234685, 50149.99576544491, 243.96633225672213
9, 101864796, 0.7670080235981559, 6.9838080476234685, 728645.78613354708, 320.48647779419736
10, 101863741, 0.7670080235981559, 6.9838080476234685, 1340324.7696458162, 89.951242947038693
11, 101863726, 0.7670080235981559, 6.9838080476234685, 531879.75079586194, 155.86908330280409
23, 101863732, 0.7670080235981559, 6.9838080476234685, 273458.25325409207, 149.21502800122815
26, 101863883, 0.7670080235981559, 6.9838080476234685, 214996.2254155346, 306.06420396298597
27, 101863739, 0.7670080235981559, 6.9838080476234685, 205179.41870221504, 319.0369839233706
35, 101865398, 0.7670080235981559, 6.9838080476234685, 250725.85940971551, 184.94463879440795
45, 101866127, 0.7670080235981559, 6.9838080476234685, 101668.97139816727, 38.345008077443637
302, 101863734, 0.7670080235981559, 6.9838080476234685, 108758.32550396366, 172.89913083783892
1, 101863769, 0.9353597347084543, 5.992850970575998, 696987.07322683744, 65.862313509121805
3, 101867516, 0.9353597347084543, 5.992850970575998, 50115.956404203112, 348.91527208973798
5, 101863510, 0.9353597347084543, 5.992850970575998, 2208243.3604574404, 52.967864117169775
7, 101863727, 0.9353597347084543, 5.992850970575998, 1512935.8801549836, 317.61779683457968
8, 101865286, 0.9353597347084543, 5.992850970575998, 1209983.0091286192, 255.4905269809818
10, 101863565, 0.9353597347084543, 5.992850970575998, 5364994.2714397991, 270.99914202290921
10, 101863705, 0.9353597347084543, 5.992850970575998, 50154.24075529434, 271.28601324056399
12, 101864796, 0.9353597347084543, 5.992850970575998, 729526.97556429368, 354.33662790072248
15, 101863741, 0.9353597347084543, 5.992850970575998, 1341365.3966123234, 90.21641965501982
19, 101863739, 0.9353597347084543, 5.992850970575998, 205183.81221489891, 355.09028766995084
21, 101863732, 0.9353597347084543, 5.992850970575998, 273561.10013591201, 162.38420770289008
27, 101863726, 0.9353597347084543, 5.992850970575998, 533393.38499584433, 164.79836318501947
40, 101865398, 0.9353597347084543, 5.992850970575998, 250731.02662274623, 203.81760023007067
41, 101863883, 0.9353597347084543, 5.992850970575998, 215157.36232884281, 335.37798173416968
57, 101866127, 0.9353597347084543, 5.992850970575998, 101769.30375385999, 31.250682011995114
337, 101863734, 0.9353597347084543, 5.992850970575998, 109334.99476783841, 191.88040454623706
1, 101863510, 2.1643272258295134, 2.9846151407400363, 2224483.5517949699, 49.506893689354918
1, 101863741, 2.1643272258295134, 2.9846151407400363, 1349986.7395772233, 33.01377870305398
1, 101866127, 2.1643272258295134, 2.9846151407400363, 102552.86878012781, 25.702588317813294
2, 101863769, 2.1643272258295134, 2.9846151407400363, 699974.88290911296, 61.62640900624897
8, 101863732, 2.1643272258295134, 2.9846151407400363, 274298.87868093973, 178.17448626584724
9, 101867516, 2.1643272258295134, 2.9846151407400363, 50149.463846456456, 515.95009869538978
10, 101865286, 2.1643272258295134, 2.9846151407400363, 1215719.555085995, 395.40450602139339
13, 101863565, 2.1643272258295134, 2.9846151407400363, 5476807.6771079814, 425.53083312087142
13, 101863705, 2.1643272258295134, 2.9846151407400363, 50185.813946680573, 426.06041350098729
16, 101864796, 2.1643272258295134, 2.9846151407400363, 732505.77716395957, 496.20814185669315
22, 101863727, 2.1643272258295134, 2.9846151407400363, 1516758.5125115055, 446.76156239484868
26, 101863739, 2.1643272258295134, 2.9846151407400363, 205617.65086831493, 547.6169664719929
35, 101863726, 2.1643272258295134, 2.9846151407400363, 534128.17926810565, 146.94802271323886
36, 101865398, 2.1643272258295134, 2.9846151407400363, 250753.57446142574, 280.11461733417889
44, 101863883, 2.1643272258295134, 2.9846151407400363, 215401.34044357398, 430.69201424201424
141, 101863734, 2.1643272258295134, 2.9846151407400363, 111161.09337932535, 277.49312555219745
1, 101863510, 3.2889166560521774, 1.9993712291854, 2229703.1553920321, 68.489056340046432
1, 101863726, 3.2889166560521774, 1.9993712291854, 534459.15722362406, 93.062051125760163
1, 101863741, 3.2889166560521774, 1.9993712291854, 1351161.6588182189, 69.425676239258891
1, 101863769, 3.2889166560521774, 1.9993712291854, 700567.70316772803, 68.914019092864024
1, 101866127, 3.2889166560521774, 1.9993712291854, 102554.51980140367, 76.617653953526755
2, 101865286, 3.2889166560521774, 1.9993712291854, 1225929.8575060738, 469.96417299418761
6, 101863565, 3.2889166560521774, 1.9993712291854, 5595350.0652212994, 523.6954976332662
6, 101863705, 3.2889166560521774, 1.9993712291854, 50202.258533070446, 522.85054709571739
7, 101867516, 3.2889166560521774, 1.9993712291854, 50171.811352010431, 581.82539989289319
10, 101863739, 3.2889166560521774, 1.9993712291854, 206062.66672852734, 653.81563928615685
11, 101863732, 3.2889166560521774, 1.9993712291854, 274962.05040680734, 105.03646452487564
15, 101864796, 3.2889166560521774, 1.9993712291854, 734401.28774942062, 519.16132314801621
16, 101863883, 3.2889166560521774, 1.9993712291854, 215991.56327959616, 420.39538319314414
22, 101863727, 3.2889166560521774, 1.9993712291854, 1538322.3148784374, 497.96979315855037
32, 101865398, 3.2889166560521774, 1.9993712291854, 250804.66631647278, 310.90267849805832
95, 101863734, 3.2889166560521774, 1.9993712291854, 112207.75106371471, 307.13066362674823
1, 101863510, 3.457268367157651, 1.8984746967755104, 2229770.1357363448, 78.257399117792076
1, 101863741, 3.457268367157651, 1.8984746967755104, 1351264.3399071072, 75.999228636487643
1, 101863769, 3.457268367157651, 1.8984746967755104, 700579.25340862025, 77.423162369358749
1, 101866127, 3.457268367157651, 1.8984746967755104, 102554.5336174813, 76.626864881412018
2, 101865286, 3.457268367157651, 1.8984746967755104, 1226341.4660905956, 475.61562696743374
4, 101863565, 3.457268367157651, 1.8984746967755104, 5661675.6379832542, 537.28105794926296
7, 101867516, 3.457268367157651, 1.8984746967755104, 50173.586717984886, 588.49420079668289
10, 101863739, 3.457268367157651, 1.8984746967755104, 206139.37359148602, 664.63100958388759
11, 101863732, 3.457268367157651, 1.8984746967755104, 275100.62566535838, 89.241821354239377
15, 101864796, 3.457268367157651, 1.8984746967755104, 734821.18598051579, 517.24207331861442
17, 101863883, 3.457268367157651, 1.8984746967755104, 216075.64792800511, 418.8246548560922
23, 101863727, 3.457268367157651, 1.8984746967755104, 1538600.2943601969, 507.91630328171698
31, 101865398, 3.457268367157651, 1.8984746967755104, 250840.03547518572, 313.28506936914675
42, 101863726, 3.457268367157651, 1.8984746967755104, 534733.37873227033, 90.887768840038191
97, 101863734, 3.457268367157651, 1.8984746967755104, 112283.7740308311, 307.97844478522052
1, 101863510, 4.282191751544392, 1.4999377911455287, 2230263.977614874, 106.38485201403105
1, 101863732, 4.282191751544392, 1.4999377911455287, 275542.4638277177, 134.6504799710589
1, 101863741, 4.282191751544392, 1.4999377911455287, 1351473.2390007556, 103.72614366961352
1, 101863769, 4.282191751544392, 1.4999377911455287, 700600.91701833194, 106.06232273758924
1, 101866127, 4.282191751544392, 1.4999377911455287, 102554.5405255201, 87.789533443591736
2, 101865286, 4.282191751544392, 1.4999377911455287, 1228993.2687650982, 495.68285911175877
4, 101863565, 4.282191751544392, 1.4999377911455287, 5716437.2643040139, 550.80790702673255
4, 101863727, 4.282191751544392, 1.4999377911455287, 1553568.301270271, 556.88656922306564
6, 101867516, 4.282191751544392, 1.4999377911455287, 50182.798587739519, 607.91602440482473
7, 101863739, 4.282191751544392, 1.4999377911455287, 206410.95622930644, 708.13618795683408
12, 101864796, 4.282191751544392, 1.4999377911455287, 736145.76097431534, 487.72750605126618
14, 101863883, 4.282191751544392, 1.4999377911455287, 216501.59760109882, 396.87740856458566
24, 101865398, 4.282191751544392, 1.4999377911455287, 253490.81575994429, 319.48852751098264
67, 101863726, 4.282191751544392, 1.4999377911455287, 545044.42799037031, 77.198261865055287
90, 101863734, 4.282191751544392, 1.4999377911455287, 112793.70473175161, 291.34545129510258
1, 101863510, 4.319229127986116, 1.4849745850044922, 2230275.030476972, 107.14295770669393
1, 101863732, 4.319229127986116, 1.4849745850044922, 275542.4638277177, 138.35185406672608
1, 101863741, 4.319229127986116, 1.4849745850044922, 1351475.2285159333, 108.15463411332968
1, 101863769, 4.319229127986116, 1.4849745850044922, 700601.08281126339, 107.19912369679949
1, 101866127, 4.319229127986116, 1.4849745850044922, 102554.5405255201, 90.718945512917301
2, 101865286, 4.319229127986116, 1.4849745850044922, 1229061.5754528625, 496.02724239832696
4, 101863565, 4.319229127986116, 1.4849745850044922, 5718308.2927999282, 550.36326715165342
4, 101863727, 4.319229127986116, 1.4849745850044922, 1553718.8412520427, 555.78426748738832
6, 101867516, 4.319229127986116, 1.4849745850044922, 50183.085271350181, 609.96733444305505
7, 101863739, 4.319229127986116, 1.4849745850044922, 206414.87999535113, 708.64895302456944
12, 101864796, 4.319229127986116, 1.4849745850044922, 736202.90427136095, 485.60264906337079
14, 101863883, 4.319229127986116, 1.4849745850044922, 216504.62332209811, 396.05457203321782
25, 101865398, 4.319229127986116, 1.4849745850044922, 253583.10715846086, 318.77298461620251
67, 101863726, 4.319229127986116, 1.4849745850044922, 545045.03589778568, 78.080128801462138
93, 101863734, 4.319229127986116, 1.4849745850044922, 112803.1411127676, 289.71014088731403
1, 101863510, 4.750209508400876, 1.324818705657913, 2230330.0737302192, 128.87033569069598
1, 101863726, 4.750209508400876, 1.324818705657913, 545248.74014624802, 155.58023697666755
1, 101863741, 4.750209508400876, 1.324818705657913, 1351539.1140588585, 127.35777414923207
1, 101863769, 4.750209508400876, 1.324818705657913, 700602.7960048886, 127.93304789819324
1, 101866127, 4.750209508400876, 1.324818705657913, 102554.56124963654, 140.15729977228017
2, 101865286, 4.750209508400876, 1.324818705657913, 1229637.6506253995, 503.11006842209025
3, 101863565, 4.750209508400876, 1.324818705657913, 5758537.6160345096, 550.1228919340208
3, 101863727, 4.750209508400876, 1.324818705657913, 1560003.9407553321, 550.63114679863509
5, 101867516, 4.750209508400876, 1.324818705657913, 50186.511658600495, 609.98537792929812
6, 101863739, 4.750209508400876, 1.324818705657913, 206584.49998031941, 726.28208983545426
11, 101863883, 4.750209508400876, 1.324818705657913, 216668.86885287132, 380.06594788525246
12, 101864796, 4.750209508400876, 1.324818705657913, 736794.3981865244, 458.69353636622111
23, 101865398, 4.750209508400876, 1.324818705657913, 253857.05234555466, 315.11247385085898
24, 101863732, 4.750209508400876, 1.324818705657913, 275565.23272363917, 159.32903504851888
109, 101863734, 4.750209508400876, 1.324818705657913, 113303.23476642107, 262.84242776678832
1, 101863510, 5.868064870101595, 0.9997720460692914, 2230385.5590979499, 167.77975366385843
1, 101863726, 5.868064870101595, 0.9997720460692914, 545248.96120349003, 185.34091115927612
1, 101863732, 5.868064870101595, 0.9997720460692914, 276020.91459577595, 138.09146124888031
1, 101863741, 5.868064870101595, 0.9997720460692914, 2052275.5391665092, 168.12116410950455
1, 101866127, 5.868064870101595, 0.9997720460692914, 102554.65796217989, 161.68165372953382
2, 101865286, 5.868064870101595, 0.9997720460692914, 1230514.3636469964, 487.96349280869759
3, 101863565, 5.868064870101595, 0.9997720460692914, 5899379.816601852, 520.69471620819093
3, 101863727, 5.868064870101595, 0.9997720460692914, 1575753.8271302038, 521.86936604981304
5, 101867516, 5.868064870101595, 0.9997720460692914, 50196.928981127669, 593.53470653624186
6, 101863739, 5.868064870101595, 0.9997720460692914, 206839.71056615745, 745.62755133440101
10, 101863883, 5.868064870101595, 0.9997720460692914, 217361.49645622954, 322.84409354965226
11, 101864796, 5.868064870101595, 0.9997720460692914, 739774.69192257337, 367.18635815030916
20, 101865398, 5.868064870101595, 0.9997720460692914, 254237.1050087873, 268.23641491584101
516, 101863734, 5.868064870101595, 0.9997720460692914, 114812.09551158491, 158.97014545245119
1, 101863510, 6.905111410469931, 0.7749321181873075, 4282743.1105012251, 197.51417203521356
1, 101863726, 6.905111410469931, 0.7749321181873075, 545249.12699642149, 185.91932541173483
1, 101863732, 6.905111410469931, 0.7749321181873075, 276020.94222793117, 255.97375635897154
1, 101866127, 6.905111410469931, 0.7749321181873075, 102554.67177825751, 200.42478606118542
2, 101865286, 6.905111410469931, 0.7749321181873075, 1230777.642822166, 439.41531203130864
4, 101863565, 6.905111410469931, 0.7749321181873075, 6011179.074606549, 460.56861532564386
4, 101863727, 6.905111410469931, 0.7749321181873075, 1584504.3780530267, 460.81697243969779
5, 101867516, 6.905111410469931, 0.7749321181873075, 50203.46743986239, 547.30053785263021
6, 101863739, 6.905111410469931, 0.7749321181873075, 207568.6882697398, 731.83120860398901
10, 101863883, 6.905111410469931, 0.7749321181873075, 218190.17097593399, 289.24737667919135
11, 101864796, 6.905111410469931, 0.7749321181873075, 742905.02826159995, 278.75245285153562
47, 101865398, 6.905111410469931, 0.7749321181873075, 256194.81557570372, 179.14009102095224
312, 101863734, 6.905111410469931, 0.7749321181873075, 114812.09551158491, 390.36260207942655
1, 101863510, 7.039792779348959, 0.7495549592684039, 4282748.8579895161, 202.32661525598269
1, 101863726, 7.039792779348959, 0.7495549592684039, 545249.12699642149, 174.07561174761685
1, 101863732, 7.039792779348959, 0.7495549592684039, 276020.94222793117, 249.4493627686264
1, 101866127, 7.039792779348959, 0.7495549592684039, 102554.67177825751, 204.6235885747821
2, 101865286, 7.039792779348959, 0.7495549592684039, 1230782.7271387309, 430.11086359816653
4, 101863565, 7.039792779348959, 0.7495549592684039, 6023671.461463959, 450.23123659817725
4, 101863727, 7.039792779348959, 0.7495549592684039, 1588613.3900665026, 450.3043156518691
5, 101867516, 7.039792779348959, 0.7495549592684039, 50204.821415469371, 542.41975530681975
6, 101863739, 7.039792779348959, 0.7495549592684039, 207678.96820132053, 723.0917133138945
10, 101863883, 7.039792779348959, 0.7495549592684039, 218210.77074766875, 291.05993662597319
11, 101864796, 7.039792779348959, 0.7495549592684039, 743315.03418111766, 270.70446563536512
48, 101865398, 7.039792779348959, 0.7495549592684039, 256955.05906294519, 183.93919738176623
325, 101863734, 7.039792779348959, 0.7495549592684039, 114812.09551158491, 409.75168618006313
1, 101863510, 8.198052551708965, 0.558262425038407, 4282942.5041334694, 258.7617502410294
1, 101863726, 8.198052551708965, 0.558262425038407, 545249.18226073193, 288.92199759962546
1, 101863732, 8.198052551708965, 0.558262425038407, 276020.99749224167, 300.87449785993851
1, 101866127, 8.198052551708965, 0.558262425038407, 102554.68559433514, 233.44880726915849
2, 101865286, 8.198052551708965, 0.558262425038407, 1230798.2011456678, 327.72416789983549
4, 101863565, 8.198052551708965, 0.558262425038407, 6148403.8944665249, 330.74555597473568
4, 101863727, 8.198052551708965, 0.558262425038407, 1603780.0169084738, 330.80412284074777
5, 101863739, 8.198052551708965, 0.558262425038407, 208436.17215148511, 674.13719441591047
6, 101867516, 8.198052551708965, 0.558262425038407, 50214.655008717004, 460.2793051832337
10, 101863883, 8.198052551708965, 0.558262425038407, 218520.20943817409, 380.67760904902298
11, 101864796, 8.198052551708965, 0.558262425038407, 749453.46220436913, 313.90154646824868
63, 101865398, 8.198052551708965, 0.558262425038407, 257823.64823090029, 270.85041197337335
324, 101863734, 8.198052551708965, 0.558262425038407, 114812.09551158491, 503.11564625136072
1, 101863510, 9.06001331253359, 0.4405242606013957, 4283071.601562771, 306.87591951344831
1, 101863726, 9.06001331253359, 0.4405242606013957, 545249.23752504238, 308.38380945435148
1, 101863732, 9.06001331253359, 0.4405242606013957, 276021.0803887074, 297.32096367869963
1, 101866127, 9.06001331253359, 0.4405242606013957, 102554.69941041275, 329.92432828543178
2, 101865286, 9.06001331253359, 0.4405242606013957, 1230801.1854184342, 273.08025586132794
4, 101863565, 9.06001331253359, 0.4405242606013957, 6241697.5665181288, 227.77231663229398
4, 101863727, 9.06001331253359, 0.4405242606013957, 1613512.0619855809, 227.16432730282651
5, 101863739, 9.06001331253359, 0.4405242606013957, 208722.66233705991, 607.02626804508225
6, 101867516, 9.06001331253359, 0.4405242606013957, 50219.580440389327, 381.3793172317956
10, 101863883, 9.06001331253359, 0.4405242606013957, 218627.71233815275, 445.71065535790024
19, 101864796, 9.06001331253359, 0.4405242606013957, 756533.87039990514, 428.24313411157095
65, 101865398, 9.06001331253359, 0.4405242606013957, 258782.95376452303, 319.61742675107837
312, 101863734, 9.06001331253359, 0.4405242606013957, 114812.10241962373, 486.7519238308567
1, 101863510, 9.490993692946338, 0.3877106574697988, 4283110.0655228719, 323.45896724126044
1, 101863726, 9.490993692946338, 0.3877106574697988, 545249.29278935294, 349.81572506658927
1, 101863732, 9.490993692946338, 0.3877106574697988, 276021.10802086262, 300.9235809746051
1, 101866127, 9.490993692946338, 0.3877106574697988, 102554.70631845157, 284.90701869692322
2, 101865286, 9.490993692946338, 0.3877106574697988, 1230802.069647402, 290.59927688496407
4, 101863565, 9.490993692946338, 0.3877106574697988, 7883935.7960386323, 200.22935318025091
5, 101863739, 9.490993692946338, 0.3877106574697988, 208836.90748291824, 566.99961903965959
6, 101867516, 9.490993692946338, 0.3877106574697988, 50222.557805116921, 335.28669620151595
10, 101863883, 9.490993692946338, 0.3877106574697988, 218709.22719612397, 449.90947647993681
15, 101864796, 9.490993692946338, 0.3877106574697988, 758480.00309377408, 478.3283447542313
70, 101865398, 9.490993692946338, 0.3877106574697988, 259276.35352856852, 339.26666724505304
310, 101863734, 9.490993692946338, 0.3877106574697988, 114812.10241962373, 449.62429695403557
1, 101863510, 9.921974073359095, 0.338311543812742, 4283148.0873684883, 340.61297336671737
1, 101863726, 9.921974073359095, 0.338311543812742, 545249.29278935294, 320.31593259374034
1, 101863732, 9.921974073359095, 0.338311543812742, 276021.1356530179, 298.21346844948744
1, 101865398, 9.921974073359095, 0.338311543812742, 259442.94779253751, 359.70573155537056
1, 101866127, 9.921974073359095, 0.338311543812742, 102554.70631845157, 366.07890417060355
2, 101865286, 9.921974073359095, 0.338311543812742, 1230802.9538763699, 305.9192512725906
4, 101863565, 9.921974073359095, 0.338311543812742, 7924530.7479514079, 230.87717815432615
5, 101863739, 9.921974073359095, 0.338311543812742, 208908.84779909725, 520.72556857321115
6, 101867516, 9.921974073359095, 0.338311543812742, 50225.421187204134, 288.94558283887409
10, 101863883, 9.921974073359095, 0.338311543812742, 218744.78977992362, 437.81934235068951
14, 101864796, 9.921974073359095, 0.338311543812742, 761432.71993888915, 513.97582874017075
319, 101863734, 9.921974073359095, 0.338311543812742, 114812.10241962373, 389.27729418938588
1, 101863510, 10.352954453771849, 0.29195084017123074, 4283190.0882444596, 357.18091708620562
1, 101863726, 10.352954453771849, 0.29195084017123074, 545249.34805366339, 366.91443360140278
1, 101863732, 10.352954453771849, 0.29195084017123074, 276021.16328517313, 404.21519498077379
1, 101865286, 10.352954453771849, 0.29195084017123074, 1230819.5331695166, 335.6338977903298
1, 101866127, 10.352954453771849, 0.29195084017123074, 102554.70631845157, 373.67813068816798
3, 101863565, 10.352954453771849, 0.29195084017123074, 7970820.1344169667, 312.12491918198407
4, 101867516, 10.352954453771849, 0.29195084017123074, 50229.452027850421, 242.89995246668516
5, 101863739, 10.352954453771849, 0.29195084017123074, 209010.03675160254, 468.43777376396775
8, 101863883, 10.352954453771849, 0.29195084017123074, 218892.12443168723, 416.21764572038927
12, 101864796, 10.352954453771849, 0.29195084017123074, 764646.06327227014, 536.46195635803701
115, 101865398, 10.352954453771849, 0.29195084017123074, 259442.94779253751, 353.80017350487879
488, 101863734, 10.352954453771849, 0.29195084017123074, 114812.10241962373, 321.19293477235385
1, 101863510, 10.767099663076078, 0.24996590528667761, 4283217.499342462, 369.33574496917635
1, 101863726, 10.767099663076078, 0.24996590528667761, 545249.34805366339, 387.12688711936681
1, 101863732, 10.767099663076078, 0.24996590528667761, 276021.16328517313, 382.01177289116708
1, 101865286, 10.767099663076078, 0.24996590528667761, 1230931.8302484301, 407.03377740204701
1, 101866127, 10.767099663076078, 0.24996590528667761, 102554.71322649038, 334.1867202655111
3, 101863565, 10.767099663076078, 0.24996590528667761, 8009785.4523420446, 402.95085733437872
4, 101867516, 10.767099663076078, 0.24996590528667761, 50232.463932772072, 201.37198576619645
5, 101863739, 10.767099663076078, 0.24996590528667761, 209252.41220132954, 411.7580425437049
10, 101863883, 10.767099663076078, 0.24996590528667761, 219094.30891161109, 391.86235938097298
13, 101864796, 10.767099663076078, 0.24996590528667761, 767321.90592183545, 549.28206818481908
130, 101865398, 10.767099663076078, 0.24996590528667761, 259442.94779253751, 361.91907012565764
469, 101863734, 10.767099663076078, 0.24996590528667761, 114812.10241962373, 337.26459851526289
1, 101863510, 10.783934834188598, 0.24830866487584657, 4283218.8256859137, 370.06977746659288
1, 101863726, 10.783934834188598, 0.24830866487584657, 545249.34805366339, 389.3850999800602
1, 101863732, 10.783934834188598, 0.24830866487584657, 276021.16328517313, 379.92009777758221
1, 101865286, 10.783934834188598, 0.24830866487584657, 1230931.940777051, 407.61596987437184
1, 101866127, 10.783934834188598, 0.24830866487584657, 102554.71322649038, 334.19621747368529
3, 101863565, 10.783934834188598, 0.24830866487584657, 8010533.5100488225, 406.66787812773879
4, 101867516, 10.783934834188598, 0.24830866487584657, 50232.508835024346, 200.88715130375508
5, 101863739, 10.783934834188598, 0.24830866487584657, 209253.69709654842, 408.42872983787379
10, 101863883, 10.783934834188598, 0.24830866487584657, 219096.36750717682, 390.81629241273066
13, 101864796, 10.783934834188598, 0.24830866487584657, 767964.46405989071, 549.61830898561141
131, 101865398, 10.783934834188598, 0.24830866487584657, 259442.94779253751, 362.37054481759634
469, 101863734, 10.783934834188598, 0.24830866487584657, 114812.10241962373, 338.79211131619678
1, 101863510, 11.214915214602946, 0.2071111427292951, 4283248.8894708194, 386.98788817152337
1, 101863726, 11.214915214602946, 0.2071111427292951, 545249.45858228439, 377.53331314196578
1, 101863732, 11.214915214602946, 0.2071111427292951, 276021.19091732841, 414.72308176604361
1, 101865286, 11.214915214602946, 0.2071111427292951, 1231148.6874027888, 388.91864482241448
1, 101866127, 11.214915214602946, 0.2071111427292951, 102554.71322649038, 425.95027896408521
3, 101863565, 11.214915214602946, 0.2071111427292951, 8049590.7877865536, 491.94236390630903
4, 101867516, 11.214915214602946, 0.2071111427292951, 50237.638053841598, 175.97677815764118
5, 101863739, 11.214915214602946, 0.2071111427292951, 209557.07052897761, 342.41012834799562
11, 101863883, 11.214915214602946, 0.2071111427292951, 219341.87920652406, 363.38356290084306
13, 101864796, 11.214915214602946, 0.2071111427292951, 772183.78363710234, 554.31431233739204
145, 101865398, 11.214915214602946, 0.2071111427292951, 259442.94779253751, 374.45048657962946
484, 101863734, 11.214915214602946, 0.2071111427292951, 114812.10241962373, 382.98458672455644
1, 101863510, 11.645895595020114, 0.16812236552760962, 4283277.6269122744, 404.28766481681453
1, 101863726, 11.645895595020114, 0.16812236552760962, 545249.45858228439, 395.22650669962883
1, 101863732, 11.645895595020114, 0.16812236552760962, 276021.19091732841, 451.95275357861476
1, 101865286, 11.645895595020114, 0.16812236552760962, 1231210.4729019154, 398.77403044803435
1, 101866127, 11.645895595020114, 0.16812236552760962, 102554.7201345292, 377.4322712813688
3, 101863565, 11.645895595020114, 0.16812236552760962, 8087398.64999275, 566.11781461794089
4, 101867516, 11.645895595020114, 0.16812236552760962, 50239.641385096824, 191.38949141283891
6, 101863739, 11.645895595020114, 0.16812236552760962, 209746.58566572188, 279.23653821377548
11, 101863883, 11.645895595020114, 0.16812236552760962, 219508.68071165739, 338.4390085075525
13, 101864796, 11.645895595020114, 0.16812236552760962, 776744.19453865185, 551.83541885407499
149, 101865398, 11.645895595020114, 0.16812236552760962, 259442.94779253751, 380.63833480887365
499, 101863734, 11.645895595020114, 0.16812236552760962, 114812.10241962373, 424.30570440669317
1, 101863510, 12.076875975434385, 0.13113798924084819, 4283280.7217136612, 419.74777511350419
1, 101863726, 12.076875975434385, 0.13113798924084819, 545249.51384659484, 437.66041729800605
1, 101863732, 12.076875975434385, 0.13113798924084819, 276021.19091732841, 386.02375301830313
1, 101865286, 12.076875975434385, 0.13113798924084819, 1231213.7887605447, 421.02228322984473
1, 101866127, 12.076875975434385, 0.13113798924084819, 102554.7201345292, 431.8000669287776
3, 101863565, 12.076875975434385, 0.13113798924084819, 8148003.7034473708, 625.18352065444014
4, 101867516, 12.076875975434385, 0.13113798924084819, 50241.879589671626, 254.37226790872245
6, 101863739, 12.076875975434385, 0.13113798924084819, 209959.54668619111, 254.57827222790559
10, 101863883, 12.076875975434385, 0.13113798924084819, 219814.09892357467, 321.61837668326552
12, 101864796, 12.076875975434385, 0.13113798924084819, 778185.43249189365, 543.16967363534843
158, 101865398, 12.076875975434385, 0.13113798924084819, 259442.94779253751, 383.43445409944854
503, 101863734, 12.076875975434385, 0.13113798924084819, 114812.10241962373, 458.48139465196704
1, 101863510, 12.15095072831782, 0.12496983017817653, 4283281.1638281457, 423.0976892353284
1, 101863726, 12.15095072831782, 0.12496983017817653, 545249.51384659484, 433.12670364214409
1, 101863732, 12.15095072831782, 0.12496983017817653, 276021.19091732841, 387.72505763160223
1, 101865286, 12.15095072831782, 0.12496983017817653, 1231213.8992891659, 423.90797482031564
1, 101866127, 12.15095072831782, 0.12496983017817653, 102554.7201345292, 445.82827059419691
3, 101863565, 12.15095072831782, 0.12496983017817653, 8152918.2480505332, 634.15504984756842
4, 101867516, 12.15095072831782, 0.12496983017817653, 50242.193905437533, 268.85700068656473
6, 101863739, 12.15095072831782, 0.12496983017817653, 210047.29259516997, 256.055409725012
10, 101863883, 12.15095072831782, 0.12496983017817653, 219843.95546731632, 320.12559749438782
12, 101864796, 12.15095072831782, 0.12496983017817653, 778374.98907687084, 540.9375350201351
157, 101865398, 12.15095072831782, 0.12496983017817653, 259442.94779253751, 384.40738223386722
503, 101863734, 12.15095072831782, 0.12496983017817653, 114812.10241962373, 463.52704862921206
1, 101863510, 12.507856355847156, 0.09598008961323123, 4283286.4692019522, 436.62091427407177
1, 101863726, 12.507856355847156, 0.09598008961323123, 545249.51384659484, 436.85200305363685
1, 101863732, 12.507856355847156, 0.09598008961323123, 276021.21854948363, 426.26749644625573
1, 101865286, 12.507856355847156, 0.09598008961323123, 1231214.4519322708, 436.52592667702663
1, 101866127, 12.507856355847156, 0.09598008961323123, 102554.7201345292, 452.86801513482351
3, 101863565, 12.507856355847156, 0.09598008961323123, 8178006.4765545893, 669.3454554548963
4, 101867516, 12.507856355847156, 0.09598008961323123, 50243.344093899585, 348.38351760565934
6, 101863739, 12.507856355847156, 0.09598008961323123, 210147.58350262983, 313.32163758614524
10, 101863883, 12.507856355847156, 0.09598008961323123, 219966.7527652228, 326.32455428009661
12, 101864796, 12.507856355847156, 0.09598008961323123, 780694.04533791938, 528.83063840320494
160, 101865398, 12.507856355847156, 0.09598008961323123, 259442.94779253751, 392.02689712931749
504, 101863734, 12.507856355847156, 0.09598008961323123, 114812.10241962373, 485.51638901094213
1, 101863510, 12.938836736259915, 0.06249299513409179, 4283289.1218888555, 452.71672334167198
1, 101863726, 12.938836736259915, 0.06249299513409179, 545249.5691109054, 444.52626175048755
1, 101863732, 12.938836736259915, 0.06249299513409179, 276021.24618163885, 448.73972896118511
1, 101865286, 12.938836736259915, 0.06249299513409179, 1231214.8940467546, 453.27524255862983
1, 101866127, 12.938836736259915, 0.06249299513409179, 102554.7201345292, 436.9408184738997
3, 101863565, 12.938836736259915, 0.06249299513409179, 8213469.3635381171, 694.95226169061982
4, 101867516, 12.938836736259915, 0.06249299513409179, 50244.338851488385, 458.5676052116624
6, 101863739, 12.938836736259915, 0.06249299513409179, 210323.51743507147, 424.70138922106702
10, 101863883, 12.938836736259915, 0.06249299513409179, 220226.39831197759, 368.0664859000326
12, 101864796, 12.938836736259915, 0.06249299513409179, 785614.44795799407, 510.30610847967529
170, 101865398, 12.938836736259915, 0.06249299513409179, 259442.94779253751, 414.66163194125261
523, 101863734, 12.938836736259915, 0.06249299513409179, 114812.10241962373, 504.3635144721257
1, 101863510, 13.369817116672667, 0.030539886189094423, 4283290.0061178235, 472.27163106486483
1, 101863726, 13.369817116672667, 0.030539886189094423, 545249.62437521585, 482.58114654446001
1, 101863732, 13.369817116672667, 0.030539886189094423, 276021.24618163885, 415.2037638228154
1, 101865286, 13.369817116672667, 0.030539886189094423, 1231215.2256326175, 471.57543839153027
1, 101865398, 13.369817116672667, 0.030539886189094423, 259442.94779253751, 487.97302821637027
1, 101866127, 13.369817116672667, 0.030539886189094423, 102554.727042568, 453.69939149612702
3, 101863565, 13.369817116672667, 0.030539886189094423, 8266039.4283621265, 702.86892866582832
5, 101867516, 13.369817116672667, 0.030539886189094423, 50246.124579521063, 564.54786912505563
6, 101863739, 13.369817116672667, 0.030539886189094423, 210625.66123659228, 536.54852530305163
11, 101863883, 13.369817116672667, 0.030539886189094423, 220422.43463735958, 452.40517393220762
12, 101864796, 13.369817116672667, 0.030539886189094423, 789189.66199645679, 490.13934417366755
631, 101863734, 13.369817116672667, 0.030539886189094423, 114812.10241962373, 466.36772169536931
1, 101863510, 13.80079749708543, 5.29942756344326e-11, 4283290.8903467916, 493.43355178464208
1, 101863726, 13.80079749708543, 5.29942756344326e-11, 545249.62437521585, 499.54427862568497
1, 101863732, 13.80079749708543, 5.29942756344326e-11, 276021.27381379413, 513.83804249454022
1, 101865286, 13.80079749708543, 5.29942756344326e-11, 1231215.4466898595, 492.64606953509599
1, 101865398, 13.80079749708543, 5.29942756344326e-11, 259442.94779253751, 555.64119370210494
1, 101866127, 13.80079749708543, 5.29942756344326e-11, 102554.727042568, 538.72096054752546
3, 101863565, 13.80079749708543, 5.29942756344326e-11, 8302106.2437306782, 695.58008255244829
5, 101867516, 13.80079749708543, 5.29942756344326e-11, 50249.022501802327, 659.87803678444129
6, 101863739, 13.80079749708543, 5.29942756344326e-11, 210788.04159688647, 638.14894324394845
11, 101863883, 13.80079749708543, 5.29942756344326e-11, 220575.5029613364, 550.12040396515522
12, 101864796, 13.80079749708543, 5.29942756344326e-11, 791952.87752090523, 470.77375395870553
649, 101863734, 13.80079749708543, 5.29942756344326e-11, 114812.10241962373, 407.50896545220075
